Vrishti Jain 661983527

Since, the initial mean matrix is initialised randomly , the same value of eps results into giving different 
purity score. 
f1.csv  == iris.txt
f2.csv == 1R2RC_truth.txt
f3.csv == dancing_truth.txt 

Also, i have commneted the line # c_table.columns = unique_class which results into giving column names 
according to the actual class

python assign6.py f1.csv 3 0.1
Final mean of each cluster
         0        1        2         3
0  6.41698  2.96159  5.10768   1.77219
1  5.09122  3.28034  1.85427  0.399269
2  6.30641  2.87684  4.97997   1.70791
Final covariance matrix

           0         1         2         3
0  0.453169  0.126367  0.439582  0.133777
1  0.126367  0.115232  0.134694  0.066979
2  0.439582  0.134694  0.644898  0.253556
3  0.133777  0.066979  0.253556  0.165509

           0         1         2         3
0  0.164180  0.035756  0.206844  0.084619
1  0.035756  0.230634 -0.252898 -0.094098
2  0.206844 -0.252898  0.837360  0.325583
3  0.084619 -0.094098  0.325583  0.137822

           0         1         2         3
0  0.371526  0.083183  0.359376  0.133422
1  0.083183  0.092297  0.096788  0.065121
2  0.359376  0.096788  0.559149  0.242315
3  0.133422  0.065121  0.242315  0.165450

 Number of iteration in EM algo ==  5
Probability
[0.1925952266601619, 0.39859831262069656, 0.40880646071914156] 

final cluster of all points according to EM
[1 1 1 1 1 1 1 1 1 1 1 1 1 1 1 1 1 1 1 1 1 1 1 1 1 1 1 1 1 1 1 1 1 1 1 1 1
 1 1 1 1 1 1 1 1 1 1 1 1 1 2 2 2 1 2 2 2 1 2 2 1 2 2 2 1 2 2 2 2 2 2 2 2 2
 2 2 2 2 2 1 1 2 1 2 2 2 2 2 2 2 2 2 2 1 2 2 2 2 1 2 2 2 2 2 2 2 2 2 2 2 2
 2 2 2 2 2 2 0 2 2 2 2 2 2 2 2 2 2 2 2 2 0 2 2 2 2 2 2 2 2 2 2 2 2 2 2 2 2
 2 2]
Final size of each cluster
Frequency of unique values of the said array:
[[ 0  1  2]
 [ 2 59 89]]
contigency table 
   Iris-setosa  Iris-versicolor  Iris-virginica
0          0.0             50.0             0.0
1          0.0              9.0            41.0
2          2.0              0.0            48.0
purity score ==  92.66666666666666 %


python assign6.py f1.csv 3 0.01
Final mean of each cluster
         0        1        2         3
0  6.26199    2.872  4.90599     1.676
1  4.99248  3.40158  1.48259   0.23219
2  5.04523  3.46564  1.41009  0.278244
Final covariance matrix

           0         1         2         3
0  0.434965  0.120939  0.448847  0.165495
1  0.120939  0.109617  0.141374  0.079230
2  0.448847  0.141374  0.674804  0.285859
3  0.165495  0.079230  0.285859  0.178630

           0         1         2         3
0  0.105042  0.099409  0.013784  0.009320
1  0.099409  0.158575  0.018900  0.010473
2  0.013784  0.018900  0.024488  0.003730
3  0.009320  0.010473  0.003730  0.008149

           0         1         2         3
0  0.168182  0.092529  0.024551  0.011477
1  0.092529  0.091936 -0.006711  0.011147
2  0.024551 -0.006711  0.040142  0.013442
3  0.011477  0.011147  0.013442  0.018719

 Number of iteration in EM algo ==  11
Probability
[0.6666688492388538, 0.24785553111020808, 0.08547561965093818] 

final cluster of all points according to EM
[1 1 1 1 1 1 1 1 1 1 1 1 1 2 2 1 2 1 1 1 1 1 2 2 1 1 1 1 1 1 1 1 1 1 1 1 1
 1 1 1 1 1 1 2 1 1 1 1 1 1 0 0 0 0 0 0 0 0 0 0 0 0 0 0 0 0 0 0 0 0 0 0 0 0
 0 0 0 0 0 0 0 0 0 0 0 0 0 0 0 0 0 0 0 0 0 0 0 0 0 0 0 0 0 0 0 0 0 0 0 0 0
 0 0 0 0 0 0 0 0 0 0 0 0 0 0 0 0 0 0 0 0 0 0 0 0 0 0 0 0 0 0 0 0 0 0 0 0 0
 0 0]
Final size of each cluster
Frequency of unique values of the said array:
[[  0   1   2]
 [100  44   6]]
contigency table 
   Iris-setosa  Iris-versicolor  Iris-virginica
0          0.0             44.0             6.0
1         50.0              0.0             0.0
2         50.0              0.0             0.0
purity score ==  96.0 %

python assign6.py f1.csv 3 0.0001
Final mean of each cluster
         0        1        2        3
0    5.006    3.418    1.464    0.244
1  7.29071  3.00351  6.17665  1.96466
2  6.09938  2.85121  4.70513  1.63037
Final covariance matrix

           0         1         2         3
0  0.304809  0.304809  0.304809  0.304809
1  0.304809  0.304809  0.304809  0.304809
2  0.304809  0.304809  0.304809  0.304809
3  0.304809  0.304809  0.304809  0.304809

           0         1         2         3
0  0.652886  0.652886  0.652886  0.652886
1  0.652886  0.652886  0.652886  0.652886
2  0.652886  0.652886  0.652886  0.652886
3  0.652886  0.652886  0.652886  0.652886

           0         1         2         3
0  1.008012  1.008012  1.008012  1.008012
1  1.008012  1.008012  1.008012  1.008012
2  1.008012  1.008012  1.008012  1.008012
3  1.008012  1.008012  1.008012  1.008012

 Number of iteration in EM algo ==  37
Probability
[0.3333334467636498, 0.09100161662825766, 0.5756649366080925] 

final cluster of all points according to EM
[0 0 0 0 0 0 0 0 0 0 0 0 0 0 0 0 0 0 0 0 0 0 0 0 0 0 0 0 0 0 0 0 0 0 0 0 0
 0 0 0 0 0 0 0 0 0 0 0 0 0 2 2 2 2 2 2 2 2 2 2 2 2 2 2 2 2 2 2 2 2 2 2 2 2
 2 2 2 2 2 2 2 2 2 2 2 2 2 2 2 2 2 2 2 2 2 2 2 2 2 2 2 2 1 2 2 1 2 1 1 2 2
 2 2 2 2 2 2 1 1 2 2 2 1 2 2 1 2 2 2 1 1 1 2 2 1 1 2 2 2 2 2 2 2 2 2 2 2 2
 2 2]
Final size of each cluster
Frequency of unique values of the said array:
[[ 0  1  2]
 [50 13 87]]
contigency table 
   Iris-setosa  Iris-versicolor  Iris-virginica
0         50.0              0.0             0.0
1          0.0              0.0            50.0
2          0.0             13.0            37.0
purity score ==  91.33333333333333 %


python assign6.py f1.csv 3 0.000001
Final mean of each cluster
         0        1        2        3
0    5.006    3.418    1.464    0.244
1  6.54428  2.94873   5.4795  1.98458
2  5.91535  2.77778  4.20173  1.29705
Final covariance matrix

           0         1         2         3
0  0.121764  0.098292  0.015816  0.010336
1  0.098292  0.142276  0.011448  0.011208
2  0.015816  0.011448  0.029504  0.005584
3  0.010336  0.011208  0.005584  0.011264

           0         1         2         3
0  0.387319  0.092187  0.303076  0.061796
1  0.092187  0.110297  0.084217  0.055975
2  0.303076  0.084217  0.327915  0.074589
3  0.061796  0.055975  0.074589  0.085838

           0         1         2         3
0  0.275439  0.096981  0.184880  0.054494
1  0.096981  0.092673  0.091155  0.043002
2  0.184880  0.091155  0.200806  0.061063
3  0.054494  0.043002  0.061063  0.032029

 Number of iteration in EM algo ==  18
Probability
[0.3333333333333333, 0.3674494781347227, 0.29921718853194407] 

final cluster of all points according to EM
[0 0 0 0 0 0 0 0 0 0 0 0 0 0 0 0 0 0 0 0 0 0 0 0 0 0 0 0 0 0 0 0 0 0 0 0 0
 0 0 0 0 0 0 0 0 0 0 0 0 0 2 2 2 2 2 2 2 2 2 2 2 2 2 2 2 2 2 2 1 2 1 2 1 2
 2 2 2 1 2 2 2 2 2 1 2 2 2 2 2 2 2 2 2 2 2 2 2 2 2 2 1 1 1 1 1 1 1 1 1 1 1
 1 1 1 1 1 1 1 1 1 1 1 1 1 1 1 1 1 1 1 1 1 1 1 1 1 1 1 1 1 1 1 1 1 1 1 1 1
 1 1]
Final size of each cluster
Frequency of unique values of the said array:
[[ 0  1  2]
 [50 55 45]]
contigency table 
   Iris-setosa  Iris-versicolor  Iris-virginica
0         50.0              0.0             0.0
1          0.0              5.0            45.0
2          0.0             50.0             0.0
purity score ==  96.66666666666667 %


_________________________________________________________________________________________________________


python assign6.py f2.csv 3 0.01
Final mean of each cluster
         0         1         2         3         4         5   ...        52        53        54        55        56        57
0  0.072208 -0.388182  0.070752 -0.388795  0.068362 -0.389988  ...  0.043746 -0.397535  0.043362 -0.399267  0.040504 -0.398684
1 -0.334370  0.350251 -0.335330  0.352198 -0.337676  0.352095  ... -0.349149  0.433577 -0.349776  0.435838 -0.353490  0.440477
2 -0.540112  0.418035 -0.540942  0.419178 -0.543476  0.417851  ... -0.555756  0.480443 -0.556384  0.482594 -0.559995  0.486778

[3 rows x 58 columns]
Final covariance matrix

           0         1         2         3         4         5   ...        52        53        54        55        56        57
0   0.172255  0.058205  0.171937  0.058333  0.171539  0.058793  ...  0.166682  0.060012  0.166634  0.059926  0.166421  0.059968
1   0.058205  0.094162  0.058061  0.094232  0.057781  0.094422  ...  0.055629  0.095235  0.055613  0.095217  0.055499  0.095239
2   0.171937  0.058061  0.171621  0.058189  0.171225  0.058648  ...  0.166394  0.059868  0.166346  0.059782  0.166134  0.059824
3   0.058333  0.094232  0.058189  0.094302  0.057908  0.094493  ...  0.055752  0.095313  0.055736  0.095295  0.055621  0.095316
4   0.171539  0.057781  0.171225  0.057908  0.170831  0.058367  ...  0.166030  0.059586  0.165983  0.059500  0.165772  0.059542
5   0.058793  0.094422  0.058648  0.094493  0.058367  0.094686  ...  0.056201  0.095515  0.056185  0.095497  0.056070  0.095518
..
52  0.166682  0.055629  0.166394  0.055752  0.166030  0.056201  ...  0.161622  0.057410  0.161578  0.057329  0.161380  0.057373
53  0.060012  0.095235  0.059868  0.095313  0.059586  0.095515  ...  0.057410  0.096448  0.057393  0.096430  0.057276  0.096454
54  0.166634  0.055613  0.166346  0.055736  0.165983  0.056185  ...  0.161578  0.057393  0.161533  0.057312  0.161335  0.057356
55  0.059926  0.095217  0.059782  0.095295  0.059500  0.095497  ...  0.057329  0.096430  0.057312  0.096413  0.057195  0.096437
56  0.166421  0.055499  0.166134  0.055621  0.165772  0.056070  ...  0.161380  0.057276  0.161335  0.057195  0.161138  0.057240
57  0.059968  0.095239  0.059824  0.095316  0.059542  0.095518  ...  0.057373  0.096454  0.057356  0.096437  0.057240  0.096461

[58 rows x 58 columns]

           0         1         2         3         4         5   ...        52        53        54        55        56        57
0   0.113762 -0.039138  0.113646 -0.039690  0.113477 -0.039786  ...  0.111086 -0.056497  0.111115 -0.057270  0.111251 -0.057936
1  -0.039138  0.028924 -0.039080  0.028987 -0.039078  0.028946  ... -0.038180  0.030116 -0.038148  0.030141 -0.038150  0.030157
2   0.113646 -0.039080  0.113530 -0.039632  0.113362 -0.039728  ...  0.110979 -0.056438  0.111008 -0.057211  0.111144 -0.057878
3  -0.039690  0.028987 -0.039632  0.029062 -0.039627  0.029029  ... -0.038715  0.030539 -0.038684  0.030577 -0.038689  0.030606
4   0.113477 -0.039078  0.113362 -0.039627  0.113194 -0.039720  ...  0.110822 -0.056341  0.110850 -0.057110  0.110986 -0.057772
5  -0.039786  0.028946 -0.039728  0.029029 -0.039720  0.029003  ... -0.038802  0.030735 -0.038773  0.030781 -0.038779  0.030818
..
51 -0.055973  0.030168 -0.055914  0.030579 -0.055819  0.030767  ... -0.054431  0.042071 -0.054447  0.042516 -0.054539  0.042932
52  0.111086 -0.038180  0.110979 -0.038715  0.110822 -0.038802  ...  0.108599 -0.054936  0.108627 -0.055684  0.108762 -0.056326
53 -0.056497  0.030116 -0.056438  0.030539 -0.056341  0.030735  ... -0.054936  0.042421 -0.054953  0.042884 -0.055049  0.043315
54  0.111115 -0.038148  0.111008 -0.038684  0.110850 -0.038773  ...  0.108627 -0.054953  0.108655 -0.055703  0.108790 -0.056348
55 -0.057270  0.030141 -0.057211  0.030577 -0.057110  0.030781  ... -0.055684  0.042884 -0.055703  0.043365 -0.055803  0.043813
56  0.111251 -0.038150  0.111144 -0.038689  0.110986 -0.038779  ...  0.108762 -0.055049  0.108790 -0.055803  0.108927 -0.056451
57 -0.057936  0.030157 -0.057878  0.030606 -0.057772  0.030818  ... -0.056326  0.043315 -0.056348  0.043813 -0.056451  0.044279

[58 rows x 58 columns]

           0         1         2         3         4         5   ...        52        53        54        55        56        57
0   0.091712  0.047312  0.091686  0.047222  0.091603  0.047466  ...  0.091758  0.044581  0.091772  0.044340  0.091820  0.044234
1   0.047312  0.075452  0.047343  0.075310  0.047212  0.075398  ...  0.047541  0.068247  0.047633  0.067766  0.047734  0.067374
2   0.091686  0.047343  0.091660  0.047254  0.091577  0.047497  ...  0.091734  0.044592  0.091748  0.044351  0.091797  0.044243
3   0.047222  0.075310  0.047254  0.075177  0.047124  0.075271  ...  0.047462  0.068378  0.047553  0.067907  0.047651  0.067526
4   0.091603  0.047212  0.091577  0.047124  0.091496  0.047370  ...  0.091655  0.044533  0.091669  0.044294  0.091717  0.044190
..
52  0.091758  0.047541  0.091734  0.047462  0.091655  0.047717  ...  0.091853  0.045032  0.091868  0.044793  0.091918  0.044689
53  0.044581  0.068247  0.044592  0.068378  0.044533  0.068638  ...  0.045032  0.070286  0.045065  0.070201  0.045075  0.070192
54  0.091772  0.047633  0.091748  0.047553  0.091669  0.047807  ...  0.091868  0.045065  0.091885  0.044822  0.091935  0.044714
55  0.044340  0.067766  0.044351  0.067907  0.044294  0.068172  ...  0.044793  0.070201  0.044822  0.070137  0.044827  0.070146
56  0.091820  0.047734  0.091797  0.047651  0.091717  0.047904  ...  0.091918  0.045075  0.091935  0.044827  0.091986  0.044716
57  0.044234  0.067374  0.044243  0.067526  0.044190  0.067796  ...  0.044689  0.070192  0.044714  0.070146  0.044716  0.070173

[58 rows x 58 columns]

 Number of iteration in EM algo ==  23
Probability
[0.6608760820060958, 0.19477741198309287, 0.14434650601081125] 

final cluster of all points according to EM
[0 0 0 1 0 0 0 1 0 0 0 2 1 0 0 0 1 2 0 0 1 2 0 1 2 0 0 2 0 2 2 2 0 2 0 0 1
 0 0 0 0 0 0 0 1 0 0 1 1 0 0 0 0 1 0 0 0 0 1 0 0 0 0 0 0 0 0 0 0 0 0 0 0 0
 0 0 0 0 0 0 0 2 1 0 1 0 1 0 0 0 0 0 0 0 0 0 0 0 0 0 2 0 0 0 0 0 0 0 0 1 0
 0 0 0 1 0 1 0 0 0 0 1 0 0 0 0 0 0 1 0 0 0 1 0 0 0 1 0 0 0 0 0 0 0 1 0 0 1
 0 0 0 0 0 0 0 0 0 0 0 0 1 0 0 0 0 0 0 0 0 1 0 0 1 0 0 0 0 0 1 1 1 0 0 1 0
 0 0 0 0 0 0 0 0 0 1 0 0 1 1 2 2 0 0 0 0 1 0 1 0 0 0 0 0 0 0 0 0 0 1 0 0 0
 0 0 0 0 0 0 1 1 0 0 0 0 0 0 0 1 0 0 0 0 0 0 0 1 0 1 0 0 0 0 0 0 0 0 0 0 0
 0 0 0 1 2 0 0 0 0 0 0 0 2 0 0 0 0 0 0 0 0 2 0 0 1 0 1 0 0 0 1 0 0 1 0 0 0
 0 0 0 1 0 1 1 1 1 0 0 1 0 0 0 0 0 0 2 1 0 1 1 0 0 1 0 1 1 0 0 0 0 0 0 0 1
 0 1 0 1 0 2 0 0 0 0 0 0 1 0 0 1 1 1 1 0 1 2 0 0 0 2 1 1 0 2 2 0 0 0 1 1 2
 1 1 0 0 0 2 1 0 0 2 0 2 0 1 0 0 0 0 1 1 0 2 1 2 0 0 2 1 2 2 0 2 1 0 2 1 2
 1 2 2 1 1 1 2 1 2 1 1 0 1 2 1 0 1 2 2 0 1 0 1 0 0 0 0 1 0 0 1 2 2 0 1 1 1
 1 0 0 1 2 0 0 0 1 0 0 1 2 0 1]
Final size of each cluster
Frequency of unique values of the said array:
[[  0   1   2]
 [310 104  45]]
contigency table 
     2.0   1.0   3.0
0  121.0   0.0   0.0
1    0.0  72.0  17.0
2  189.0  32.0  28.0
purity score ==  83.2244008714597 %


python assign6.py f2.csv 3 0.1
Final mean of each cluster
         0         1         2         3         4         5   ...        52        53        54        55        56        57
0  0.172308 -0.184609  0.170603 -0.184858  0.167732 -0.185553  ...  0.139981 -0.182456  0.139522 -0.183805  0.136348 -0.182708
1 -0.292243 -0.087947 -0.293191 -0.087530 -0.295247 -0.088763  ... -0.310033 -0.056777 -0.310503 -0.056481 -0.313603 -0.054016
2  0.170589 -0.180173  0.168886 -0.180396  0.166017 -0.181076  ...  0.138331 -0.177106  0.137869 -0.178416  0.134685 -0.177279

[3 rows x 58 columns]
Final covariance matrix

           0         1         2         3         4         5   ...        52        53        54        55        56        57
0   0.184130 -0.006129  0.183871 -0.006171  0.183578 -0.005781  ...  0.179112 -0.010771  0.179101 -0.011143  0.179001 -0.011406
1  -0.006129  0.142519 -0.006123  0.142681 -0.006298  0.142837  ... -0.005846  0.148300 -0.005860  0.148542 -0.005953  0.148812
2   0.183871 -0.006123  0.183615 -0.006165  0.183324 -0.005776  ...  0.178886 -0.010759  0.178876 -0.011130  0.178776 -0.011393
3  -0.006171  0.142681 -0.006165  0.142846 -0.006340  0.143003  ... -0.005888  0.148521 -0.005902  0.148765 -0.005995  0.149037
4   0.183578 -0.006298  0.183324 -0.006340  0.183035 -0.005951  ...  0.178626 -0.010922  0.178616 -0.011292  0.178517 -0.011553
5  -0.005781  0.142837 -0.005776  0.143003 -0.005951  0.143163  ... -0.005504  0.148713 -0.005518  0.148957 -0.005612  0.149230
..
51 -0.010835  0.148069 -0.010824  0.148288 -0.010986  0.148478  ... -0.010368  0.155697 -0.010389  0.156014 -0.010498  0.156359
52  0.179112 -0.005846  0.178886 -0.005888  0.178626 -0.005504  ...  0.174655 -0.010299  0.174648 -0.010656  0.174560 -0.010906
53 -0.010771  0.148300 -0.010759  0.148521 -0.010922  0.148713  ... -0.010299  0.155997 -0.010321  0.156317 -0.010430  0.156665
54  0.179101 -0.005860  0.178876 -0.005902  0.178616 -0.005518  ...  0.174648 -0.010321  0.174641 -0.010679  0.174553 -0.010928
55 -0.011143  0.148542 -0.011130  0.148765 -0.011292  0.148957  ... -0.010656  0.156317 -0.010679  0.156641 -0.010789  0.156992
56  0.179001 -0.005953  0.178776 -0.005995  0.178517 -0.005612  ...  0.174560 -0.010430  0.174553 -0.010789  0.174465 -0.011039
57 -0.011406  0.148812 -0.011393  0.149037 -0.011553  0.149230  ... -0.010906  0.156665 -0.010928  0.156992 -0.011039  0.157347

[58 rows x 58 columns]

           0         1         2         3         4         5   ...        52        53        54        55        56        57
0   0.132225 -0.059842  0.132043 -0.060141  0.131897 -0.060050  ...  0.128962 -0.070544  0.128972 -0.071116  0.129026 -0.071581
1  -0.059842  0.257856 -0.059850  0.258426 -0.060123  0.258717  ... -0.059280  0.276950 -0.059327  0.277745 -0.059609  0.278567
2   0.132043 -0.059850  0.131863 -0.060149  0.131717 -0.060058  ...  0.128793 -0.070554  0.128803 -0.071126  0.128857 -0.071591
3  -0.060141  0.258426 -0.060149  0.259002 -0.060421  0.259299  ... -0.059569  0.277741 -0.059617  0.278544 -0.059901  0.279374
4   0.131897 -0.060123  0.131717 -0.060421  0.131573 -0.060330  ...  0.128661 -0.070799  0.128671 -0.071370  0.128726 -0.071834
5  -0.060050  0.258717 -0.060058  0.259299 -0.060330  0.259600  ... -0.059475  0.278172 -0.059523  0.278979 -0.059809  0.279814
..
51 -0.070286  0.276282 -0.070296  0.277065 -0.070542  0.277491  ... -0.069390  0.302311 -0.069469  0.303390 -0.069820  0.304490
52  0.128962 -0.059280  0.128793 -0.059569  0.128661 -0.059475  ...  0.125930 -0.069640  0.125941 -0.070197  0.125998 -0.070648
53 -0.070544  0.276950 -0.070554  0.277741 -0.070799  0.278172  ... -0.069640  0.303254 -0.069720  0.304345 -0.070075  0.305457
54  0.128972 -0.059327  0.128803 -0.059617  0.128671 -0.059523  ...  0.125941 -0.069720  0.125952 -0.070280  0.126009 -0.070732
55 -0.071116  0.277745 -0.071126  0.278544 -0.071370  0.278979  ... -0.070197  0.304345 -0.070280  0.305450 -0.070637  0.306574
56  0.129026 -0.059609  0.128857 -0.059901  0.128726 -0.059809  ...  0.125998 -0.070075  0.126009 -0.070637  0.126068 -0.071093
57 -0.071581  0.278567 -0.071591  0.279374 -0.071834  0.279814  ... -0.070648  0.305457 -0.070732  0.306574 -0.071093  0.307711

[58 rows x 58 columns]

           0         1         2         3         4         5   ...        52        53        54        55        56        57
0   0.187142 -0.009393  0.186883 -0.009453  0.186591 -0.009069  ...  0.182094 -0.014657  0.182086 -0.015056  0.181993 -0.015345
1  -0.009393  0.142639 -0.009383  0.142812 -0.009550  0.142969  ... -0.009001  0.148819 -0.009016  0.149080 -0.009109  0.149366
2   0.186883 -0.009383  0.186627 -0.009443  0.186336 -0.009059  ...  0.181868 -0.014639  0.181861 -0.015038  0.181768 -0.015326
3  -0.009453  0.142812 -0.009443  0.142988 -0.009609  0.143146  ... -0.009060  0.149056 -0.009075  0.149319 -0.009169  0.149608
4   0.186591 -0.009550  0.186336 -0.009609  0.186048 -0.009226  ...  0.181609 -0.014792  0.181602 -0.015190  0.181509 -0.015478
5  -0.009069  0.142969 -0.009059  0.143146 -0.009226  0.143307  ... -0.008681  0.149251 -0.008696  0.149515 -0.008791  0.149805
6   0.186380 -0.009574  0.186127 -0.009633  0.185840 -0.009250  ...  0.181423 -0.014801  0.181415 -0.015198  0.181324 -0.015485
..
51 -0.014700  0.148576 -0.014683  0.148811 -0.014836  0.149004  ... -0.014103  0.156773 -0.014126  0.157116 -0.014238  0.157485
52  0.182094 -0.009001  0.181868 -0.009060  0.181609 -0.008681  ...  0.177607 -0.014054  0.177603 -0.014439  0.177521 -0.014713
53 -0.014657  0.148819 -0.014639  0.149056 -0.014792  0.149251  ... -0.014054  0.157092 -0.014078  0.157438 -0.014190  0.157810
54  0.182086 -0.009016  0.181861 -0.009075  0.181602 -0.008696  ...  0.177603 -0.014078  0.177598 -0.014463  0.177517 -0.014738
55 -0.015056  0.149080 -0.015038  0.149319 -0.015190  0.149515  ... -0.014439  0.157438 -0.014463  0.157788 -0.014576  0.158164
56  0.181993 -0.009109  0.181768 -0.009169  0.181509 -0.008791  ...  0.177521 -0.014190  0.177517 -0.014576  0.177436 -0.014851
57 -0.015345  0.149366 -0.015326  0.149608 -0.015478  0.149805  ... -0.014713  0.157810 -0.014738  0.158164 -0.014851  0.158545

[58 rows x 58 columns]

 Number of iteration in EM algo ==  2
Probability
[0.19568094082233756, 0.5753618248419851, 0.22895723433567744] 

final cluster of all points according to EM
[2 2 1 1 2 2 2 1 2 1 2 1 1 1 2 2 1 1 2 2 1 1 2 1 1 2 2 1 2 1 1 1 2 1 1 2 1
 2 2 2 1 1 2 2 1 2 1 1 1 2 2 2 2 1 1 1 1 2 1 2 2 1 1 1 2 2 2 1 2 1 2 2 2 2
 2 2 2 2 2 2 1 1 1 1 1 1 1 2 1 1 2 2 1 1 1 1 1 1 1 2 1 1 1 1 2 2 2 1 1 1 1
 1 2 2 1 1 1 1 1 1 2 1 1 1 2 2 2 2 1 1 2 1 1 2 1 1 1 1 1 2 1 1 2 1 1 1 2 1
 2 2 2 2 1 1 2 2 1 2 2 1 1 1 1 2 1 2 1 1 1 1 2 1 1 1 2 1 1 2 1 1 1 1 1 1 1
 1 1 1 1 2 1 1 2 1 1 1 1 2 1 1 1 1 2 2 2 1 1 1 1 1 2 1 2 1 2 1 1 2 1 1 1 1
 1 1 1 2 2 1 1 1 1 1 1 1 1 2 1 1 2 1 1 2 1 1 1 1 1 1 1 1 1 1 1 1 1 1 1 2 1
 1 1 1 1 1 1 1 1 1 1 2 1 1 1 1 1 1 2 1 1 1 1 1 2 1 1 1 1 1 1 1 1 1 1 1 1 1
 1 1 2 1 1 1 1 1 1 1 1 1 1 1 2 2 2 2 1 1 2 1 1 1 2 1 1 1 1 1 1 2 2 1 2 2 1
 1 1 1 1 2 1 1 1 1 1 1 2 1 1 1 1 1 1 1 1 1 1 2 1 1 1 1 1 2 1 1 2 2 1 1 1 1
 1 1 1 1 2 1 1 2 2 1 2 1 2 1 1 2 1 1 1 1 1 1 1 1 2 2 1 1 1 1 1 1 1 1 1 1 1
 1 1 1 1 1 1 1 1 1 1 1 1 1 1 1 1 1 1 1 2 1 2 1 1 1 1 1 1 1 1 1 2 1 1 1 1 1
 1 1 1 1 1 1 1 1 1 2 1 1 1 1 1]
Final size of each cluster
Frequency of unique values of the said array:
[[  1   2]
 [335 124]]
contigency table 
   2.0    1.0    3.0
0  0.0   18.0  103.0
1  0.0   89.0    0.0
2  0.0  228.0   21.0
purity score ==  91.50326797385621 %


python assign6.py f2.csv 3 0.1
Final mean of each cluster
         0         1         2         3         4         5   ...        52        53        54        55        56        57
0 -0.283519 -0.024301 -0.284519 -0.023758 -0.286695 -0.024879  ... -0.302038  0.010978 -0.302528  0.011429 -0.305718  0.014070
1  0.196695 -0.331261  0.195027 -0.331737  0.192352 -0.332550  ...  0.164541 -0.337524  0.164116 -0.339238  0.161088 -0.338533
2  0.011037 -0.147008  0.009598 -0.147108  0.006996 -0.148039  ... -0.016185 -0.136995 -0.016641 -0.137858 -0.019762 -0.136363

[3 rows x 58 columns]
Final covariance matrix

           0         1         2         3         4         5   ...        52        53        54        55        56        57
0   0.146394 -0.060496  0.146190 -0.060820  0.146014 -0.060712  ...  0.142676 -0.072330  0.142687 -0.072966  0.142742 -0.073485
1  -0.060496  0.240640 -0.060481  0.241169 -0.060716  0.241439  ... -0.059591  0.258389 -0.059630  0.259127 -0.059879  0.259890
2   0.146190 -0.060481  0.145987 -0.060806  0.145812 -0.060698  ...  0.142486 -0.072316  0.142497 -0.072951  0.142552 -0.073471
3  -0.060820  0.241169 -0.060806  0.241707 -0.061040  0.241981  ... -0.059904  0.259154 -0.059944  0.259900 -0.060195  0.260672
4   0.146014 -0.060716  0.145812 -0.061040  0.145638 -0.060931  ...  0.142325 -0.072515  0.142337 -0.073149  0.142392 -0.073667
5  -0.060712  0.241439 -0.060698  0.241981 -0.060931  0.242261  ... -0.059793  0.259570 -0.059833  0.260321 -0.060085  0.261098
..
52  0.142676 -0.059591  0.142486 -0.059904  0.142325 -0.059793  ...  0.139216 -0.071024  0.139229 -0.071642  0.139286 -0.072145
53 -0.072330  0.258389 -0.072316  0.259154 -0.072515  0.259570  ... -0.071024  0.283779 -0.071098  0.284830 -0.071421  0.285901
54  0.142687 -0.059630  0.142497 -0.059944  0.142337 -0.059833  ...  0.139229 -0.071098  0.139242 -0.071718  0.139300 -0.072223
55 -0.072966  0.259127 -0.072951  0.259900 -0.073149  0.260321  ... -0.071642  0.284830 -0.071718  0.285896 -0.072044  0.286980
56  0.142742 -0.059879  0.142552 -0.060195  0.142392 -0.060085  ...  0.139286 -0.071421  0.139300 -0.072044  0.139359 -0.072552
57 -0.073485  0.259890 -0.073471  0.260672 -0.073667  0.261098  ... -0.072145  0.285901 -0.072223  0.286980 -0.072552  0.288077

[58 rows x 58 columns]

           0         1         2         3         4         5   ...        52        53        54        55        56        57
0   0.175853  0.055855  0.175600  0.055961  0.175255  0.056438  ...  0.171148  0.056827  0.171117  0.056710  0.170935  0.056715
1   0.055855  0.111751  0.055739  0.111845  0.055465  0.112068  ...  0.053782  0.113961  0.053764  0.113999  0.053648  0.114082
2   0.175600  0.055739  0.175348  0.055845  0.175006  0.056321  ...  0.170928  0.056712  0.170896  0.056595  0.170715  0.056600
3   0.055961  0.111845  0.055845  0.111940  0.055570  0.112163  ...  0.053883  0.114072  0.053865  0.114110  0.053749  0.114193
4   0.175255  0.055465  0.175006  0.055570  0.174667  0.056046  ...  0.170620  0.056438  0.170589  0.056321  0.170409  0.056326
..
51  0.056529  0.113799  0.056414  0.113909  0.056140  0.114147  ...  0.054469  0.116433  0.054449  0.116484  0.054328  0.116581
52  0.171148  0.053782  0.170928  0.053883  0.170620  0.054352  ...  0.167002  0.054764  0.166975  0.054653  0.166808  0.054664
53  0.056827  0.113961  0.056712  0.114072  0.056438  0.114311  ...  0.054764  0.116612  0.054745  0.116663  0.054624  0.116761
54  0.171117  0.053764  0.170896  0.053865  0.170589  0.054334  ...  0.166975  0.054745  0.166947  0.054634  0.166781  0.054644
55  0.056710  0.113999  0.056595  0.114110  0.056321  0.114349  ...  0.054653  0.116663  0.054634  0.116715  0.054513  0.116813
56  0.170935  0.053648  0.170715  0.053749  0.170409  0.054217  ...  0.166808  0.054624  0.166781  0.054513  0.166615  0.054523
57  0.056715  0.114082  0.056600  0.114193  0.056326  0.114433  ...  0.054664  0.116761  0.054644  0.116813  0.054523  0.116913

[58 rows x 58 columns]

           0         1         2         3         4         5   ...        52        53        54        55        56        57
0   0.197742 -0.024835  0.197435 -0.024990  0.197105 -0.024659  ...  0.191933 -0.033298  0.191929 -0.033852  0.191862 -0.034282
1  -0.024835  0.183651 -0.024827  0.183926 -0.025032  0.184112  ... -0.024307  0.193485 -0.024332  0.193904 -0.024480  0.194355
2   0.197435 -0.024827  0.197129 -0.024982  0.196801 -0.024652  ...  0.191654 -0.033283  0.191650 -0.033836  0.191583 -0.034266
3  -0.024990  0.183926 -0.024982  0.184205 -0.025187  0.184394  ... -0.024458  0.193865 -0.024483  0.194288 -0.024632  0.194743
4   0.197105 -0.025032  0.196801 -0.025187  0.196475 -0.024857  ...  0.191353 -0.033468  0.191350 -0.034020  0.191284 -0.034449
5  -0.024659  0.184112 -0.024652  0.184394 -0.024857  0.184585  ... -0.024132  0.194112 -0.024158  0.194536 -0.024307  0.194994
..
52  0.191933 -0.024307  0.191654 -0.024458  0.191353 -0.024132  ...  0.186615 -0.032477  0.186614 -0.033013  0.186556 -0.033427
53 -0.033298  0.193485 -0.033283  0.193865 -0.033468  0.194112  ... -0.032477  0.206839 -0.032518  0.207406 -0.032698  0.208002
54  0.191929 -0.024332  0.191650 -0.024483  0.191350 -0.024158  ...  0.186614 -0.032518  0.186612 -0.033055  0.186555 -0.033469
55 -0.033852  0.193904 -0.033836  0.194288 -0.034020  0.194536  ... -0.033013  0.207406 -0.033055  0.207979 -0.033237  0.208583
56  0.191862 -0.024480  0.191583 -0.024632  0.191284 -0.024307  ...  0.186556 -0.032698  0.186555 -0.033237  0.186499 -0.033652
57 -0.034282  0.194355 -0.034266  0.194743 -0.034449  0.194994  ... -0.033427  0.208002 -0.033469  0.208583 -0.033652  0.209193

[58 rows x 58 columns]

 Number of iteration in EM algo ==  2
Probability
[0.5103849099011578, 0.23661603885425347, 0.25299905124458866] 

final cluster of all points according to EM
[1 2 1 0 1 2 1 0 2 0 1 0 0 1 1 0 0 0 1 1 0 0 1 0 0 1 1 0 0 0 0 0 1 0 0 1 0
 1 1 1 0 1 1 1 0 1 0 0 0 1 1 1 2 0 0 0 0 1 0 1 1 1 0 0 1 1 1 0 1 0 1 1 1 1
 1 1 1 1 1 1 0 0 0 0 0 0 0 1 0 0 1 2 0 1 0 0 0 0 0 1 0 0 1 1 1 2 1 1 0 0 0
 0 1 1 0 0 0 0 0 0 1 0 0 0 1 1 1 1 0 0 1 0 0 1 0 0 0 0 0 2 0 0 1 0 0 0 1 0
 1 1 1 1 0 0 1 1 0 2 1 0 0 0 0 1 0 1 0 0 0 0 1 0 0 0 2 1 0 1 0 0 0 0 0 0 0
 0 0 0 0 1 0 0 1 0 0 0 0 0 0 0 0 0 1 1 1 0 0 0 0 0 1 0 1 0 1 0 0 1 0 0 0 0
 0 0 0 1 2 0 0 0 0 0 0 0 0 1 0 0 1 0 0 1 0 0 0 0 0 0 0 0 0 0 0 0 0 0 0 1 0
 0 0 0 0 0 0 0 0 0 0 1 0 0 0 0 0 0 1 0 0 0 0 0 1 0 0 0 0 0 0 0 0 0 0 0 0 0
 0 0 1 0 1 0 0 0 0 0 0 0 0 0 1 1 2 1 0 0 1 0 0 0 1 0 0 0 0 0 0 2 1 0 2 1 0
 0 0 0 0 1 0 0 0 0 0 0 1 0 0 0 0 0 0 0 0 0 0 1 0 0 0 0 0 1 0 0 1 2 0 0 0 0
 0 0 0 0 1 0 0 1 1 0 1 0 1 0 0 1 0 1 0 0 0 0 0 0 1 1 0 0 0 0 0 0 0 0 0 0 0
 0 0 0 0 0 0 0 0 0 0 0 0 0 0 0 0 0 0 0 1 0 1 0 1 0 0 0 0 0 0 0 2 0 0 0 0 0
 0 0 0 0 0 0 0 0 0 1 0 0 0 1 0]
Final size of each cluster
Frequency of unique values of the said array:
[[  0   1   2]
 [325 119  15]]
contigency table 
     2.0    1.0   3.0
0    7.0  104.0  10.0
1   89.0    0.0   0.0
2  229.0   15.0   5.0
purity score ==  91.93899782135077 %

_________________________________________________________________________________________________________


python assign6.py f3.csv 5 0.1
Final mean of each cluster
         0         1         2         3         4         5   ...        74        75        76        77        78        79
0 -0.033247 -0.532552 -0.032477 -0.533063 -0.031751 -0.533814  ... -0.048138 -0.542629 -0.049397 -0.543326 -0.050907 -0.543926
1 -0.023740  0.064795 -0.022853  0.063875 -0.022423  0.063116  ...  0.003368  0.066891  0.002117  0.067858  0.000825  0.068879
2 -0.443401 -0.428696 -0.448126 -0.443590 -0.450668 -0.455924  ... -0.430897 -0.380996 -0.428374 -0.374521 -0.425266 -0.366778
3  0.380512 -0.294733  0.376986 -0.286603  0.374128 -0.280228  ...  0.367459 -0.385102  0.371459 -0.399902  0.375882 -0.418124
4 -0.066131 -0.546536 -0.065422 -0.547604 -0.064684 -0.548858  ... -0.079990 -0.552929 -0.081164 -0.553160 -0.082574 -0.553195

[5 rows x 80 columns]
Final covariance matrix

           0         1         2         3         4         5   ...        74        75        76        77        78        79
0   0.083547  0.011270  0.083777  0.012617  0.083866  0.013794  ...  0.080127  0.002113  0.079815  0.001002  0.079463 -0.000296
1   0.011270  0.029969  0.011210  0.030177  0.011116  0.030388  ...  0.011150  0.028335  0.011124  0.028097  0.011102  0.027786
2   0.083777  0.011210  0.084015  0.012561  0.084108  0.013744  ...  0.080335  0.002028  0.080019  0.000914  0.079662 -0.000385
3   0.012617  0.030177  0.012561  0.030434  0.012469  0.030676  ...  0.012425  0.028351  0.012392  0.028088  0.012361  0.027745
4   0.083866  0.011116  0.084108  0.012469  0.084204  0.013654  ...  0.080412  0.001921  0.080093  0.000808  0.079733 -0.000490
5   0.013794  0.030388  0.013744  0.030676  0.013654  0.030946  ...  0.013537  0.028394  0.013497  0.028108  0.013459  0.027739
6   0.083816  0.011031  0.084059  0.012383  0.084157  0.013567  ...  0.080358  0.001845  0.080038  0.000734  0.079676 -0.000563
7   0.014735  0.030554  0.014689  0.030863  0.014599  0.031153  ...  0.014429  0.028440  0.014385  0.028137  0.014341  0.027748
8   0.083645  0.010956  0.083888  0.012304  0.083986  0.013484  ...  0.080190  0.001791  0.079870  0.000682  0.079509 -0.000611
9   0.015261  0.030622  0.015217  0.030941  0.015128  0.031241  ...  0.014930  0.028439  0.014884  0.028127  0.014837  0.027728
10  0.083517  0.010935  0.083759  0.012280  0.083856  0.013458  ...  0.080066  0.001779  0.079746  0.000671  0.079386 -0.000621
11  0.015378  0.030640  0.015334  0.030961  0.015245  0.031262  ...  0.015044  0.028449  0.014998  0.028137  0.014951  0.027737
12  0.083496  0.010976  0.083736  0.012320  0.083833  0.013497  ...  0.080048  0.001815  0.079730  0.000706  0.079370 -0.000588
13  0.015073  0.030584  0.015028  0.030897  0.014938  0.031191  ...  0.014757  0.028441  0.014712  0.028135  0.014667  0.027742
14  0.083562  0.011059  0.083800  0.012404  0.083894  0.013582  ...  0.080116  0.001888  0.079799  0.000776  0.079441 -0.000520
15  0.014423  0.030477  0.014375  0.030774  0.014284  0.031054  ...  0.014141  0.028432  0.014100  0.028139  0.014059  0.027761
16  0.083605  0.011141  0.083841  0.012486  0.083934  0.013663  ...  0.080173  0.001950  0.079858  0.000836  0.079503 -0.000465
17  0.013548  0.030350  0.013496  0.030626  0.013403  0.030889  ...  0.013309  0.028438  0.013272  0.028162  0.013236  0.027805
18  0.083572  0.011176  0.083803  0.012521  0.083896  0.013694  ...  0.080159  0.001965  0.079848  0.000847  0.079496 -0.000457
19  0.012581  0.030226  0.012525  0.030477  0.012429  0.030721  ...  0.012387  0.028477  0.012355  0.028222  0.012325  0.027889
20  0.083570  0.011251  0.083798  0.012594  0.083888  0.013766  ...  0.080173  0.002032  0.079865  0.000913  0.079517 -0.000394
21  0.011478  0.030064  0.011417  0.030286  0.011319  0.030507  ...  0.011340  0.028487  0.011313  0.028255  0.011288  0.027950
22  0.083522  0.011344  0.083746  0.012684  0.083833  0.013853  ...  0.080144  0.002124  0.079840  0.001003  0.079496 -0.000307
23  0.010276  0.029863  0.010210  0.030056  0.010110  0.030251  ...  0.010198  0.028475  0.010177  0.028268  0.010159  0.027992
24  0.083407  0.011398  0.083626  0.012734  0.083710  0.013900  ...  0.080049  0.002186  0.079748  0.001064  0.079409 -0.000246
25  0.009070  0.029675  0.008999  0.029836  0.008898  0.030006  ...  0.009056  0.028488  0.009041  0.028307  0.009029  0.028062
26  0.083219  0.011446  0.083433  0.012776  0.083515  0.013936  ...  0.079887  0.002258  0.079590  0.001138  0.079256 -0.000170
27  0.007861  0.029468  0.007786  0.029598  0.007683  0.029742  ...  0.007910  0.028484  0.007900  0.028330  0.007895  0.028118
28  0.082944  0.011476  0.083153  0.012798  0.083231  0.013952  ...  0.079641  0.002327  0.079350  0.001211  0.079021 -0.000093
29  0.006623  0.029229  0.006544  0.029329  0.006439  0.029445  ...  0.006737  0.028456  0.006733  0.028330  0.006735  0.028151
..       ...       ...       ...       ...       ...       ...  ...       ...       ...       ...       ...       ...       ...
50  0.078585  0.011396  0.078763  0.012622  0.078822  0.013692  ...  0.075668  0.002981  0.075422  0.001951  0.075143  0.000745
51 -0.006322  0.026551 -0.006423  0.026372 -0.006530  0.026248  ... -0.005590  0.027911 -0.005548  0.028058 -0.005495  0.028200
52  0.078824  0.011456  0.079005  0.012691  0.079066  0.013768  ...  0.075881  0.002997  0.075632  0.001962  0.075348  0.000750
53 -0.005692  0.026688 -0.005793  0.026525 -0.005900  0.026416  ... -0.004988  0.027934 -0.004948  0.028065 -0.004896  0.028188
54  0.079189  0.011509  0.079376  0.012755  0.079439  0.013842  ...  0.076211  0.002985  0.075956  0.001943  0.075667  0.000723
55 -0.004709  0.026927 -0.004808  0.026791 -0.004916  0.026703  ... -0.004051  0.028000 -0.004013  0.028106 -0.003965  0.028199
56  0.079615  0.011544  0.079807  0.012803  0.079874  0.013900  ...  0.076598  0.002953  0.076336  0.001904  0.076040  0.000675
57 -0.003509  0.027214 -0.003606  0.027108 -0.003714  0.027046  ... -0.002906  0.028071 -0.002871  0.028147 -0.002827  0.028204
58  0.080056  0.011554  0.080255  0.012825  0.080326  0.013934  ...  0.076997  0.002897  0.076729  0.001840  0.076425  0.000604
59 -0.002124  0.027543 -0.002219  0.027471 -0.002327  0.027439  ... -0.001587  0.028159 -0.001557  0.028201 -0.001517  0.028217
60  0.080449  0.011529  0.080654  0.012811  0.080728  0.013929  ...  0.077350  0.002818  0.077075  0.001757  0.076764  0.000514
61 -0.000667  0.027834 -0.000759  0.027797 -0.000867  0.027795  ... -0.000199  0.028205 -0.000173  0.028212 -0.000139  0.028188
62  0.080712  0.011483  0.080922  0.012772  0.080999  0.013896  ...  0.077583  0.002736  0.077302  0.001671  0.076984  0.000425
63  0.000729  0.028154  0.000640  0.028150  0.000533  0.028175  ...  0.001132  0.028297  0.001152  0.028273  0.001181  0.028211
64  0.080907  0.011425  0.081120  0.012717  0.081200  0.013845  ...  0.077753  0.002651  0.077469  0.001583  0.077146  0.000335
65  0.001945  0.028417  0.001858  0.028440  0.001751  0.028487  ...  0.002290  0.028367  0.002306  0.028316  0.002329  0.028223
66  0.080979  0.011364  0.081194  0.012657  0.081275  0.013785  ...  0.077811  0.002580  0.077523  0.001512  0.077198  0.000264
67  0.002862  0.028586  0.002777  0.028627  0.002670  0.028691  ...  0.003165  0.028401  0.003177  0.028332  0.003197  0.028218
68  0.080904  0.011300  0.081119  0.012591  0.081201  0.013717  ...  0.077733  0.002524  0.077445  0.001458  0.077119  0.000212
69  0.003361  0.028669  0.003276  0.028719  0.003170  0.028790  ...  0.003643  0.028419  0.003654  0.028342  0.003673  0.028218
70  0.080715  0.011242  0.080929  0.012529  0.081010  0.013652  ...  0.077554  0.002489  0.077267  0.001425  0.076942  0.000183
71  0.003393  0.028629  0.003309  0.028677  0.003202  0.028747  ...  0.003679  0.028395  0.003691  0.028321  0.003709  0.028200
72  0.080438  0.011192  0.080650  0.012473  0.080730  0.013591  ...  0.077298  0.002472  0.077015  0.001412  0.076694  0.000173
73  0.002932  0.028502  0.002847  0.028538  0.002741  0.028598  ...  0.003247  0.028364  0.003260  0.028303  0.003281  0.028197
74  0.080127  0.011150  0.080335  0.012425  0.080412  0.013537  ...  0.077017  0.002472  0.076738  0.001415  0.076423  0.000181
75  0.002113  0.028335  0.002028  0.028351  0.001921  0.028394  ...  0.002472  0.028352  0.002488  0.028315  0.002512  0.028235
76  0.079815  0.011124  0.080019  0.012392  0.080093  0.013497  ...  0.076738  0.002488  0.076466  0.001435  0.076157  0.000205
77  0.001002  0.028097  0.000914  0.028088  0.000808  0.028108  ...  0.001415  0.028315  0.001435  0.028309  0.001464  0.028261
78  0.079463  0.011102  0.079662  0.012361  0.079733  0.013459  ...  0.076423  0.002512  0.076157  0.001464  0.075855  0.000238
79 -0.000296  0.027786 -0.000385  0.027745 -0.000490  0.027739  ...  0.000181  0.028235  0.000205  0.028261  0.000238  0.028254

[80 rows x 80 columns]

           0         1         2         3         4         5   ...        74        75        76        77        78        79
0   0.006217 -0.000828  0.006210 -0.000822  0.006197 -0.000796  ...  0.005438 -0.000841  0.005445 -0.000848  0.005448 -0.000853
1  -0.000828  0.037982 -0.000805  0.037963 -0.000745  0.037924  ...  0.002543  0.038465  0.002470  0.038511  0.002435  0.038577
2   0.006210 -0.000805  0.006202 -0.000799  0.006190 -0.000773  ...  0.005435 -0.000817  0.005441 -0.000823  0.005445 -0.000828
3  -0.000822  0.037963 -0.000799  0.037945 -0.000739  0.037906  ...  0.002545  0.038446  0.002472  0.038492  0.002437  0.038558
4   0.006197 -0.000745  0.006190 -0.000739  0.006179 -0.000715  ...  0.005433 -0.000760  0.005439 -0.000767  0.005442 -0.000771
5  -0.000796  0.037924 -0.000773  0.037906 -0.000715  0.037869  ...  0.002562  0.038414  0.002488  0.038459  0.002454  0.038526
6   0.006193 -0.000720  0.006186 -0.000715  0.006175 -0.000691  ...  0.005434 -0.000735  0.005441 -0.000742  0.005444 -0.000746
7  -0.000777  0.037883 -0.000754  0.037865 -0.000697  0.037830  ...  0.002573  0.038378  0.002500  0.038423  0.002465  0.038490
8   0.006188 -0.000711  0.006181 -0.000705  0.006170 -0.000681  ...  0.005438 -0.000725  0.005444 -0.000731  0.005447 -0.000736
9  -0.000769  0.037905 -0.000746  0.037887 -0.000689  0.037852  ...  0.002585  0.038402  0.002511  0.038447  0.002476  0.038513
10  0.006184 -0.000735  0.006177 -0.000730  0.006166 -0.000705  ...  0.005444 -0.000749  0.005450 -0.000756  0.005453 -0.000760
11 -0.000759  0.037910 -0.000736  0.037892 -0.000679  0.037857  ...  0.002596  0.038406  0.002522  0.038452  0.002487  0.038518
12  0.006156 -0.000706  0.006149 -0.000700  0.006138 -0.000676  ...  0.005461 -0.000720  0.005467 -0.000726  0.005470 -0.000730
13 -0.000753  0.037951 -0.000730  0.037933 -0.000673  0.037899  ...  0.002601  0.038455  0.002528  0.038501  0.002493  0.038567
14  0.006109 -0.000604  0.006102 -0.000599  0.006090 -0.000574  ...  0.005498 -0.000614  0.005504 -0.000619  0.005506 -0.000622
15 -0.000761  0.038036 -0.000737  0.038018 -0.000680  0.037983  ...  0.002614  0.038554  0.002540  0.038600  0.002505  0.038667
